1.01956 -0.2676191
1.01956 -0.2676191
1.01956 -0.2676191
1.01956 -0.2676191
1.01956 -0.2676191
1.01956 -0.2676191
1.01956 -0.2676191
1.01956 -0.2676191
1.01956 -0.2676191
1.01956 -0.2676191
1.01956 -0.2676191
1.01956 -0.2676191
1.01956 -0.2676191
1.01956 -0.2676191
1.01956 -0.2676191
1.01956 -0.2676191
1.01956 -0.2676191
1.01956 -0.2676191
1.01956 -0.2676191
1.01956 -0.2676191
1.01956 -0.2676191
1.01956 -0.2676191
1.01956 -0.2676191
1.01956 -0.2676191
1.01956 -0.2676191
1.01956 -0.2676191
1.01956 -0.2676191
1.01956 -0.2676191
1.01956 -0.2676191
1.01956 -0.2676191
1.01956 -0.2676191
1.01956 -0.2676191
1.01956 -0.2676191
1.01956 -0.2676191
1.01956 -0.2676191
1.01956 -0.2676191
1.01956 -0.2676191
1.01956 -0.2676191
1.01956 -0.2676191
1.01956 -0.2676191
