1.954238 2.150536
2.025978 2.035781
2.106538 1.842362
1.912987 1.798879
2.122498 1.866605
2.039355 1.809127
1.928056 1.805956
1.933009 2.170134
1.864668 2.695605
1.938051 2.442907
1.923172 2.024392
1.962107 1.743536
2.055673 2.114601
2.184701 2.047324
2.113656 2.013822
1.971713 2.197716
2.080491 1.96666
1.727657 1.932742
2.148612 2.20953
2.613329 2.24762
1.706458 2.028531
1.902336 2.01933
2.082813 1.747115
2.187864 1.822064
2.275856 2.087848
1.940493 1.901348
2.104169 1.758843
2.255309 1.875234
1.688811 1.95256
2.454743 2.054395
1.901897 2.094867
2.013524 1.640482
1.967056 2.06874
1.804277 1.897649
1.756839 1.787142
2.083387 1.865006
1.766032 2.227992
2.247691 1.903558
2.128835 1.873971
1.858493 1.558589
1.669035 2.103328
2.273219 2.101476
2.392168 2.237684
1.846108 1.886207
2.273632 2.123787
1.946342 1.99592
2.184816 2.163754
2.198629 2.105031
2.03448 2.019065
1.762598 1.9581
