0.1584667 0.01731728
-0.1077542 -0.1196394
0.1767269 0.06850649
-0.2856055 0.116975
0.08101974 0.04642817
0.2113529 0.03746149
0.2014246 -0.05745089
0.06313486 -0.05136196
0.2172055 0.01424438
-0.6612004 -0.1654043
0.258365 -0.1972071
-0.1158125 0.08636494
0.4448537 0.02101101
-0.4197271 -0.2457921
-0.7256641 0.143466
-0.3253131 -0.1019368
0.4418021 0.02275306
0.02047587 0.270157
-0.04507855 8.270621e-05
-0.1082833 -0.09117883
0.275275 0.2458892
0.2976139 0.274204
0.6341927 0.1771293
-0.3258032 -0.1322701
-0.215814 -0.04246872
-0.3011377 -0.1731637
0.2618532 0.2087333
0.2588233 0.02901286
0.02393527 0.05832673
-0.02103098 0.1190002
-0.08530172 0.03209294
0.3038483 0.06412828
-0.7064835 -0.08953108
0.001788412 -0.03005047
-0.2761234 0.1894654
0.03286781 0.003305853
-0.396625 0.08802228
0.2777389 0.08826742
0.1377718 -0.1027147
-0.1935571 -0.07302392
-0.2847937 -0.1745058
-0.5024318 -0.08203408
0.3152457 -0.07955826
-0.423045 0.2923602
0.2676917 -0.03753469
-0.2058743 -0.01857875
-0.05377462 0.1753254
0.1774863 0.1069532
-0.1291271 0.1397252
0.5023744 -0.09034301
-0.2871669 0.1348322
0.1084836 -0.1588349
0.01590157 0.08529028
0.02526758 -0.03920672
0.3544954 0.0006950976
-0.05898052 0.03505719
-0.1671726 -0.1111893
0.5588218 -0.1160862
-0.4951242 0.007465715
-0.1308058 0.01556923
0.07265331 -0.1248197
-0.3553357 -0.09333991
0.3038997 -0.0449231
0.5473781 0.01757282
0.1963197 -0.0278264
0.2886275 0.119268
0.3706944 0.1095661
-0.01742699 0.05179661
0.1928251 0.02415522
-0.09086699 -0.0245689
0.02900602 -0.1373886
0.1011182 -0.07561323
-0.2918446 -0.1513032
-0.4569856 0.06512067
-0.1652686 0.004734512
0.02997874 0.02570312
0.2610726 -0.2105197
-0.01261667 -0.1557181
0.1843117 0.1163031
0.4787031 -0.104628
0.3526165 -0.05905574
-0.1889234 0.0744162
0.3467486 -0.1069732
0.4266853 0.04459195
-0.01923044 0.1343929
0.06985182 0.02438311
-0.4401897 0.009820973
-0.0331293 -0.0005863576
-0.06129215 0.07525646
0.6026025 -0.1596864
0.0969614 0.05352603
0.192571 -0.003491786
-0.2953412 -0.005688353
0.05038855 -0.1698697
-0.7001824 -0.02622018
0.3157437 0.1031445
-0.5141204 -0.0667078
0.1906057 0.04856797
0.08433154 0.0254825
-0.06223544 0.1670063
